2 1
121 62
120 122
120 182
120 242
120 302
120 362
120 422
120 482
120 542
120 602
120 662
120 722
120 782
120 842
120 902
120 962
120 1022
120 1082
120 1142
120 1202
119 1261
120 1321
120 1381
120 1441
120 1501
120 1561
120 1621
119 1681
120 1741
120 1801
120 1861
120 1921
120 1981
120 2041
120 2101
120 2161
120 2221
120 22814120 23440120 2439 120 238 2120 36 2512035 2621135 2663
34 2697
33 2730
32 2762
32 2794
31 2825
31 2856
29 2885
29 2914
28 2942
28 2970
25 2995
25 3020
24 3044
25 3069
25 3094
26 3120
25 3145
24 3169
25 3194
24 3218
24 3242
23 3265
23 3288
23 3311
22 3333
22 3355
21 3376
22 3398
22 3420
21 3441
21 3462
20 3482
21 3503
21 3524
20 3544
20 3564
20 3584
20 3604
20 3624
19 3643
19 3662
19 3681
19 3700
19 3719
18 3737
18 3755
18 3773
18 3791
18 3809
18 3827
17 3844
17 3861
17 3878
17 3895
17 3912
16 3928
16 3944
17 3961
16 3977
15 3992
15 4007
15 4022
16 4038
16 4054
15 4069
15 4084
15 4099
15 4114
15 4129
15 4144
15 4159
15 4174
14 4188
15 4203
15 4218
14 4232
13 4245
14 4259
14 4273
14 4287
14 4301
14 4315
14 4329
14 4343
14 4357
13 4370
14 4384
14 4398
14 4412
13 4425
13 4438
13 4451
13 4464
13 4477
13 4490
13 4503
13 4516
13 4529
13 4542
12 4554
13 4567
13 4580
13 4593
12 4605
12 4617
12 4629
12 4641
12 4653
12 4665
12 4677
12 4689
12 4701
12 4713
12 4725
12 4737
12 4749
12 4761
12 4773
11 4784
11 4795
12 4807
11 4818
11 4829
11 4840
11 4851
11 4862
11 4873
11 4884
11 4895
11 4906
11 4917
11 4928
11 4939
11 4950
11 4961
11 4972
11 4983
10 4993
11 5004
11 5015
11 5026
11 5037
10 5047
11 5058
10 5068
11 5079
10 5089
10 5099
10 5109
10 5119
10 5129
10 5139
10 5149
10 5159
10 5169
10 5179
10 5189
10 5199
10 5209
10 5219
10 5229
10 5239
10 5249
10 5259
10 5269
9 5278
10 5288
10 5298
10 5308
10 5318
9 5327
10 5337
10 5347
9 5356
9 5365
9 5374
9 5383
9 5392
9 5401
9 5410
9 5419
9 5428
9 5437
9 5446
9 5455
9 5464
9 5473
9 5482
9 5491
9 5500
9 5509
9 5518
9 5527
9 5536
9 5545
9 5554
9 5563
9 5572
9 5581
9 5590
9 5599
9 5608
9 5617
9 5626
9 5635
9 5644
9 5653
8 5661
8 5669
8 5677
8 5685
8 5693
8 5701
8 5709
8 5717
8 5725
8 5733
8 5741
8 5749
8 5757
8 5765
8 5773
8 5781
8 5789
8 5797
8 5805
8 5813
8 5821
8 5829
8 5837
8 5845
8 5853
8 5861
8 5869
8 5877
8 5885
8 5893
8 5901
8 5909
8 5917
8 5925
8 5933
8 5941
8 5949
8 5957
8 5965
8 5973
8 5981
8 5989
7 5996
8 6004
8 6012
8 6020
7 6027
8 6035
7 6042
8 6050
7 6057
7 6064
7 6071
7 6078
7 6085
7 6092
7 6099
7 6106
7 6113
7 6120
7 6127
7 6134
7 6141
7 6148
7 6155
7 6162
7 6169
7 6176
7 6183
7 6190
7 6197
7 6204
7 6211
7 6218
7 6225
7 6232
7 6239
7 6246
7 6253
7 6260
7 6267
7 6274
7 6281
7 6288
7 6295
7 6302
7 6309
7 6316
7 6323
7 6330
7 6337
7 6344
7 6351
7 6358
7 6365
7 6372
7 6379
7 6386
7 6393
7 6400
7 6407
7 6414
7 6421
7 6428
7 6435
7 6442
7 6449
7 6456
7 6463
7 6470
7 6477
6 6483
7 6490
7 6497
7 6504
6 6510
6 6516
7 6523
7 6530
6 6536
6 6542
7 6549
7 6556
7 6563
6 6569
7 6576
6 6582
7 6589
7 6596
6 6602
6 6608
6 6614
6 6620
6 6626
6 6632
6 6638
6 6644
6 6650
6 6656
6 6662
6 6668
6 6674
6 6680
6 6686
6 6692
6 6698
6 6704
6 6710
6 6716
6 6722
6 6728
6 6734
6 6740
6 6746
6 6752
6 6758
6 6764
6 6770
6 6776
6 6782
6 6788
6 6794
6 6800
6 6806
6 6812
6 6818
6 6824
6 6830
6 6836
6 6842
6 6848
6 6854
5 6859
6 6865
6 6871
6 6877
6 6883
6 6889
6 6895
2 10000
32 10000
32 10000
32 10000
32 10000
32 10000
32 10000
32 10000
32 10000
32 10000
32 10000
32 10000
32 10000
32 10000
32 10000
32 10000
32 10000
32 10000
32 10000
32 10000
32 10000
32 10000
32 10000
32 10000
32 10000
32 10000
32 10000
32 10000
32 10000
32 10000
32 10000
32 10000
32 10000
32 10000
32 10000
32 10000
32 10000
32 10000
32 10000
32 10000
32 10000
32 10000
32 10000
32 10000
32 10000
32 10000
32 10000
32 10000
32 10000
32 10000
32 10000
32 10000
32 10000
32 10000
32 10000
32 10000
32 10000
32 10000
32 10000
32 10000
32 10000
32 10000
32 10000
32 10000
29 10000
31 10000
32 10000
31 10000
31 10000
31 10000
31 10000
32 10000
31 10000
32 10000
32 10000
32 10000
33 10000
32 10000
32 10000
32 10000
32 10000
33 10000
32 10000
32 10000
33 10000
33 10000
32 10000
33 10000
32 10000
32 10000
