121 41
119 81
120 121
120 161
120 201
120 241
119 281
120 321
119 360
119 400
119 439
119 479
120 519
120 559
120 599
119 639
120 679
120 719
120 759
120 799
120 839
120 879
120 919
120 959
119 998
120 1038
120 1078
120 1118
120 1158
120 1198
120 1238
120 1278
120 1318
120 1358
119 1398
120 1438
120 1478
120 1518
120 1558
120 1598
120 1638
120 1678
120 1718
120 1758
120 1798
120 1838
120 1878
120 1918
120 1958
120 1998
120 2038
120 2078
120 2118
120 2158
120 2198
120 2238
120 2278
120 2318
120 2358
120 2398
120 2438
120 2478
119 2518
119 2557
117 2596
116 2635
114 2673
113 2711
111 2748
110 2784
108 2820
107 2856
106 2891
103 2926
102 2960
102 2994
100 3027
99 3060
98 3093
97 3125
96 3157
95 3189
94 3220
91 3251
92 3281
90 3312
90 3342
88 3371
89 3401
88 3430
87 3459
85 3488
79 3518
81 3550
82 3580
83 3608
80 3636
77 3672
80 3705
80 3738
79 3777
75 3815
74 3852
73 3888
72 3924
70 3959
68 3993
70 4028
69 4063
68 4097
68 4131
67 4164
66 4197
65 4230
65 4262
65 4295
64 4327
64 4359
63 4390
62 4421
61 4452
61 4482
60 4512
61 4543
59 4572
59 4602
52 4628
50 4653
49 4677
48 4701
49 4726
48 4750
48 4774
48 4798
48 4822
47 4845
47 4869
47 4892
46 4915
46 4938
46 4961
46 4984
44 5007
45 5029
45 5052
45 5074
44 5096
44 5118
44 5140
44 5162
43 5184
43 5206
43 5227
42 5250
43 5272
42 5293
42 5314
42 5335
42 5357
42 5380
41 5403
41 5426
41 5449
41 5473
40 5500
40 5528
40 5557
40 5590
40 5624
39 5658
39 5697
39 5736
38 5774
38 5812
37 5849
38 5887
38 5925
37 5962
37 5999
37 6036
36 6072
36 6108
36 6144
36 6180
35 6215
35 6250
35 6285
35 6320
34 6354
34 6388
34 6422
34 6456
33 6489
33 6522
33 6555
33 6588
33 6621
33 6654
32 6686
32 6718
32 6750
31 6781
31 6812
31 6843
31 6874
31 6905
30 6935
30 6965
30 6995
30 7025
30 7055
30 7085
30 7115
29 7144
29 7173
29 7202
29 7231
29 7260
29 7289
28 7317
28 7345
28 7373
28 7401
28 7429
28 7457
28 7485
28 7513
27 7540
27 7567
27 7594
27 7621
27 7648
27 7675
27 7702
27 7729
26 7755
26 7781
26 7807
26 7833
26 7859
26 7885
26 7911
26 7937
25 7962
26 7988
25 8013
25 8038
25 8063
25 8088
25 8113
25 8138
25 8163
25 8188
24 8212
24 8236
24 8260
24 8284
24 8308
24 8332
24 8356
24 8380
24 8404
24 8428
23 8451
23 8474
22 8496
22 8518
22 8540
22 8562
22 8584
22 8606
22 8628
22 8650
22 8672
22 8694
21 8715
22 8737
22 8759
22 8781
22 8803
22 8825
21 8846
21 8867
21 8888
21 8909
21 8930
21 8951
21 8972
21 8993
21 9014
21 9035
21 9056
21 9077
21 9098
20 9118
20 9138
20 9158
20 9178
20 9198
20 9218
20 9238
20 9258
20 9278
20 9298
20 9318
20 9338
20 9358
20 9378
20 9398
20 9418
20 9438
20 9458
19 9477
19 9496
19 9515
19 9534
19 9553
19 9572
19 9591
19 9610
19 9629
19 9648
18 9666
19 9685
19 9704
18 9722
19 9741
18 9759
18 9777
19 9796
19 9815
18 9833
18 9851
19 9870
18 9888
18 9906
18 9924
18 9942
18 9960
18 9978
18 9996
18 10000
